version https://git-lfs.github.com/spec/v1
oid sha256:fc31d41bf5339c955438782c997201ba63d863561325fa45509f7c9b41994e2b
size 463
