version https://git-lfs.github.com/spec/v1
oid sha256:1973654e1dca1f48364c24dce0e9f6b4523b481ca55dea9d9f0fcd193e39b025
size 16516
