version https://git-lfs.github.com/spec/v1
oid sha256:d93c14b4aaa7b464581db9cb86fc0eccfa3feaad580d9f195e6b940f3ae08676
size 55
