version https://git-lfs.github.com/spec/v1
oid sha256:def30a82cc6cf49382ea79889aa7a3b653b59dd092c83a097a877b7db5ea6c3e
size 169
