version https://git-lfs.github.com/spec/v1
oid sha256:b7664e4ecf025c9322b5ca052f981908ed201b6bb8cf6ec160a2f038a211b1ab
size 31656
