version https://git-lfs.github.com/spec/v1
oid sha256:574b857c7cefd70f6cf99dce8fd66bab89c6c34926bed9b34f2892cf4eb9ecfb
size 39322
